0,473
0,472
0,471
0,243
78,3
78,2
0,470
78,1
78,0
0,469
0,468
0,467
0,466
77,3
77,2
0,465
77,1
77,0
0,464
0,463
0,462
76,3
76,2
0,461
76,1
76,0
0,460
0,459
0,458
0,457
0,456
0,455
0,454
75,3
75,2
0,453
75,1
75,0
0,452
0,451
0,450
0,449
0,448
0,447
0,446
0,445
74,3
74,2
0,444
74,1
74,0
0,443
0,442
0,441
0,440
0,439
0,438
0,437
73,3
73,2
0,436
73,1
73,0
0,435
0,434
72,3
72,2
0,433
72,1
72,0
0,432
0,431
71,4
71,3
71,2
0,430
71,1
71,0
0,429
0,428
70,4
70,3
70,2
0,427
70,1
70,0
69,3
69,2
0,426
69,1
69,0
0,425
68,4
68,3
68,2
0,424
68,1
68,0
0,423
0,422
67,4
67,3
67,2
0,421
67,1
67,0
31,2
31,0
31,1
31,3
0,420
0,419
36,2
36,0
29,2
29,0
29,1
29,3
0,418
32,2
32,0
32,1
32,3
